11010000000000000000000000000000
10000000000000000000000000000000
00101000000111000000001111000101
10111000100001000100000000000000
00100001100001000000000000000000
10111000110001100100000000000000
00100001110001100000000000000000
10111001000010000100000000000000
00100010100010000000000000000000
10111001010010100100000000000000
00100010010010100001000000000000
00100000010100100000000000000000
00100000100101000000000000000000
00100000110101100000000000000000
00100001000110000000000000000000
10010000010110101000001110000000
10110000000000000110001011100000
11001010001000000000001000001000
11000000010011100000000001001101
11000000100000000000000000000000
11000000110000000000000000000000
11000001000000000000000000000000
11000001010000000000000000000000
10001000000000000000000000000000
11010000000000000000000000000000
10000000000000000000000000000001
00101000000111000000001111010100
10111000100001000100000000000000
00100001100001000000000000000000
10111000110001100100000000000000
00100001110001100000000000000000
10111001000010000100000000000000
00100010100010000000000000000000
10111001010010100100000000000000
00100010010010100001000000000000
10111001100011000100000000000000
00100010010011000010000000000000
00100000010100100000000000000000
00100000100101000000000000000000
00100000110101100000000000000000
00100001000110000000000000000000
10010000010010011000011110000000
10110000000000000110001011000000
11001000000000000000000000000000
11000000010011100000010011101100
11000000100011100000000110101001
11000000110000000000000000000000
11000001000000000000000000000000
11000001010000000000000000000000
10001000000000000000000000000000
11010000000000000000000000000000
10000000000000000000000000000010
00101000000111000000001111100011
10111000100001000100000000000000
00100001100001000000000000000000
10111000110001100100000000000000
00100001110001100000000000000000
10111001000010000100000000000000
00100010100010000000000000000000
10111001010010100100000000000000
00100010010010100001000000000000
00100000010100100000000000000000
00100000100101000000000000000000
00100000110101100000000000000000
00100001000110000000000000000000
10010000010110011000001110000000
10110000000000000110001011000000
11001010101010000000001001001001
11000000010011100000000011000110
11000000100000000000000000000000
11000000110000000000000000000000
11000001000000000000000000000000
11000001010000000000000000000000
10001000000000000000000000000000
11010000000000000000000000000000
10000000000000000000000000000011
00101000000111000000001111110010
10111000100001000100000000000000
00100001100001000000000000000000
10111000110001100100000000000000
00100001110001100000000000000000
10111001000010000100000000000000
00100010100010000000000000000000
10111001010010100100000000000000
00100010010010100001000000000000
00100000010100100000000000000000
00100000100101000000000000000000
00100000110101100000000000000000
00100001000110000000000000000000
10010000010110011000001110000000
10110000000000000110001011000000
11001010101010000000001001001001
11000000010011100000000010111011
11000000100000000000000000000000
11000000110000000000000000000000
11000001000000000000000000000000
11000001010000000000000000000000
10001000000000000000000000000000
11010000000000000000000000000000
10000000000000000000000000000100
00101000000111000000010000000001
10111000110001100100000000000000
00100001110001100000000000000000
10111011010110100100000000000000
00100010000110100000000000000000
10111001010010100100000000000000
00100010010010100001000000000000
00100000010100100000000000000000
00100000100101000000000000000000
00100000110101100000000000000000
00100001000110000000000000000000
10010001100000000000000000000000
10110000000000000000000000000000
11001000000000000000000000000000
11000000010000000000000000000000
11000000100000000000000000000000
11000000110000000000000000000000
11000001000000000000000000000000
11000001010000000000000000000000
10001000000000000000000000000000
11010000000000000000000000000000
10000000000000000000000000000101
00101000000111000000010000010000
10111000100001000100000000000000
00100001100001000000000000000000
10111000110001100100000000000000
00100001110001100000000000000000
10111001000010000100000000000000
00100010100010000000000000000000
10111001010010100100000000000000
00100010010010100001000000000000
00100000010100100000000000000000
00100000100101000000000000000000
00100000110101100000000000000000
00100001000110000000000000000000
10010000010010011000001110000000
10110000000000000110001011000000
11001000000000000000000000000000
11000000010011100000000110000001
11000000100000000000000000000000
11000000110000000000000000000000
11000001000000000000000000000000
11000001010000000000000000000000
10001000000000000000000000000000
11010000000000000000000000000000
10000000000000000000000000000110
00101000000111000000010000011111
10111000100001000100000000000000
00100001100001000000000000000000
10111000110001100100000000000000
00100001110001100000000000000000
10111001000010000100000000000000
00100010100010000000000000000000
10111001010010100100000000000000
00100010010010100001000000000000
00100000010100100000000000000000
00100000100101000000000000000000
00100000110101100000000000000000
00100001000110000000000000000000
10010000010110101000001110000000
10110000000000000110001011000000
11001010001000000000001000001000
11000000010011100000000011010100
11000000100000000000000000000000
11000000110000000000000000000000
11000001000000000000000000000000
11000001010000000000000000000000
10001000000000000000000000000000
11010000000000000000000000000000
10000000000000000000000000000111
00101000000111000000010000101110
10111000100001000100000000000000
00100001100001000000000000000000
10111000110001100100000000000000
00100001110001100000000000000000
10111001000010000100000000000000
00100010100010000000000000000000
10111001010010100100000000000000
00100010010010100001000000000000
00100000010100100000000000000000
00100000100101000000000000000000
00100000110101100000000000000000
00100001000110000000000000000000
10010000010010011000001110000000
10110000000000000110001011000000
11001000000000000000000000000000
11000000010011100000000100001000
11000000100000000000000000000000
11000000110000000000000000000000
11000001000000000000000000000000
11000001010000000000000000000000
10001000000000000000000000000000
11010000000000000000000000000000
10000000000000000000000000001000
00101000000111000000010000111101
10111000100001000100000000000000
00100001100001000000000000000000
10111000110001100100000000000000
00100001110001100000000000000000
10111001000010000100000000000000
00100010100010000000000000000000
10111001010010100100000000000000
00100010010010100001000000000000
10111001100011000100000000000000
00100010010011000010000000000000
00100000010100100000000000000000
00100000100101000000000000000000
00100000110101100000000000000000
00100001000110000000000000000000
10010000100110101000011110000000
10110000000000000000001000000000
11001010001000000000001000001000
11000000010011100000000110101001
11000000100011100000000110101001
11000000110000000000000000000000
11000001000000000000000000000000
11000001010000000000000000000000
10001000000000000000000000000000
11010000000000000000000000000000
10000000000000000000000000001001
00101000000111000000010001001100
10111000100001000100000000000000
00100001100001000000000000000000
10111000110001100100000000000000
00100001110001100000000000000000
10111001000010000100000000000000
00100010100010000000000000000000
10111001010010100100000000000000
00100010010010100001000000000000
00100000010100100000000000000000
00100000100101000000000000000000
00100000110101100000000000000000
00100001000110000000000000000000
10010000010110101000001110000000
10110000000000000110001011000000
11001010001000000000001000001000
11000000010011100000000010000001
11000000100000000000000000000000
11000000110000000000000000000000
11000001000000000000000000000000
11000001010000000000000000000000
10001000000000000000000000000000
11010000000000000000000000000000
10000000000000000000000000001010
00101000000111000000010001011011
10111000100001000100000000000000
00100001100001000000000000000000
10111000110001100100000000000000
00100001110001100000000000000000
10111001000010000100000000000000
00100010100010000000000000000000
10111001010010100100000000000000
00100010010010100001000000000000
00100000010100100000000000000000
00100000100101000000000000000000
00100000110101100000000000000000
00100001000110000000000000000000
10010000010010011000001110000000
10110000000000000110001011000000
11001000000000000000000000000000
11000000010011100000000100000110
11000000100000000000000000000000
11000000110000000000000000000000
11000001000000000000000000000000
11000001010000000000000000000000
10001000000000000000000000000000
11010000000000000000000000000000
10000000000000000000000000001011
00101000000111000000010001101010
10111000110001100100000000000000
00100001110001100000000000000000
10111001010010100100000000000000
00100010010010100001000000000000
00100000010100100000000000000000
00100000100101000000000000000000
00100000110101100000000000000000
00100001000110000000000000000000
10010001000000000000000000000000
11011001000000000000100000000000
11001000100011000000000001000001
11000000010000000000000000000000
11000000100000000000000000000000
11000000110000000000000000000000
11000001000000000000000000000000
11000001010000000000000000000000
10001000000000000000000000000000
11010000000000000000000000000000
10000000000000000000000000001100
00101000000111000000010001111001
10111000110001100100000000000000
00100001110001100000000000000000
10111001010010100100000000000000
00100010010010100001000000000000
00100000010100100000000000000000
00100000100101000000000000000000
00100000110101100000000000000000
00100001000110000000000000000000
10010001000000000000000000000000
11011001000000000000100000000000
11001000100011000000000001000001
11000000010000000000000000000000
11000000100000000000000000000000
11000000110000000000000000000000
11000001000000000000000000000000
11000001010000000000000000000000
10001000000000000000000000000000
11010000000000000000000000000000
10000000000000000000000000001101
00101000000111000000010010001000
10111000110001100100000000000000
00100001110001100000000000000000
10111001010010100100000000000000
00100010010010100001000000000000
00100000010100100000000000000000
00100000100101000000000000000000
00100000110101100000000000000000
00100001000110000000000000000000
10010001000000000000000000000000
11011001000000000000100000000000
11001000100011000000000001000001
11000000010000000000000000000000
11000000100000000000000000000000
11000000110000000000000000000000
11000001000000000000000000000000
11000001010000000000000000000000
10001000000000000000000000000000
11010000000000000000000000000000
10000000000000000000000000001110
00101000000111000000010010010111
10111000100001000100000000000000
00100001100001000000000000000000
10111000110001100100000000000000
00100001110001100000000000000000
10111001000010000100000000000000
00100010100010000000000000000000
10111001010010100100000000000000
00100010010010100001000000000000
00100000010100100000000000000000
00100000100101000000000000000000
00100000110101100000000000000000
00100001000110000000000000000000
10010000010010011000001110000000
10110000000000000110001011000000
11001000000000000000000000000000
11000000010011100000000010000100
11000000100000000000000000000000
11000000110000000000000000000000
11000001000000000000000000000000
11000001010000000000000000000000
10001000000000000000000000000000
11010000000000000000000000000000
10000000000000000000000000001111
00101000000111000000010010100110
10111000100001000100000000000000
00100001100001000000000000000000
10111000110001100100000000000000
00100001110001100000000000000000
10111001000010000100000000000000
00100010100010000000000000000000
10111001010010100100000000000000
00100010010010100001000000000000
10111001100011000100000000000000
00100010010011000010000000000000
10111001110011100100000000000000
00100010010011100011000000000000
10111010000100000100000000000000
00100010010100000100000000000000
00100000010100100000000000000000
00100000100101000000000000000000
00100000110101100000000000000000
00100001000110000000000000000000
10010000010010011000111110000000
10110000000000000110001011000000
11001000000000000000000000000000
11000000010011100000000100101111
11000000100011100000000100010011
11000000110011100000000100011111
11000001000011100000000100011111
11000001010000000000000000000000
10001000000000000000000000000000
11010000000000000000000000000000
10000000000000000000000000010000
00101000000111000000010010110101
10111000100001000100000000000000
00100001100001000000000000000000
10111000110001100100000000000000
00100001110001100000000000000000
10111001000010000100000000000000
00100010100010000000000000000000
10111001010010100100000000000000
00100010010010100001000000000000
10111001100011000100000000000000
00100010010011000010000000000000
00100000010100100000000000000000
00100000100101000000000000000000
00100000110101100000000000000000
00100001000110000000000000000000
10010000010010011000011110000000
10110000000000000000001000000000
11001000000000000000000000000000
11000000010011100000000000001010
11000000100011100000000011010011
11000000110000000000000000000000
11000001000000000000000000000000
11000001010000000000000000000000
10001000000000000000000000000000
11010000000000000000000000000000
10000000000000000000000000010001
00101000000111000000010011000100
10111000100001000100000000000000
00100001100001000000000000000000
10111000110001100100000000000000
00100001110001100000000000000000
10111011010110100100000000000000
00100010000110100000000000000000
10111001010010100100000000000000
00100010010010100001000000000000
00100000010100100000000000000000
00100000100101000000000000000000
00100000110101100000000000000000
00100001000110000000000000000000
10010000110000000000001110000000
10110000000000000000000000000000
11001000000000000000000000000000
11000000010011100000101010101010
11000000100000000000000000000000
11000000110000000000000000000000
11000001000000000000000000000000
11000001010100000000101010101010
10001000000000000000000000000000
11010000000000000000000000000000
10000000000000000000000000010010
00101000000111000000010011010011
10111000100001000100000000000000
00100001100001000000000000000000
10111000110001100100000000000000
00100001110001100000000000000000
10111011010110100100000000000000
00100010000110100000000000000000
10111001010010100100000000000000
00100010010010100001000000000000
00100000010100100000000000000000
00100000100101000000000000000000
00100000110101100000000000000000
00100001000110000000000000000000
10010000110000000000001110000000
10110000000000000000000000000000
11001000000000000000000000000000
11000000010011100000101010101010
11000000100000000000000000000000
11000000110000000000000000000000
11000001000000000000000000000000
11000001010100000000101010101010
10001000000000000000000000000000
11010000000000000000000000000000
10000000000000000000000000010011
00101000000111000000010011100010
10111000100001000100000000000000
00100001100001000000000000000000
10111000110001100100000000000000
00100001110001100000000000000000
10111001000010000100000000000000
00100010100010000000000000000000
10111001010010100100000000000000
00100010010010100001000000000000
00100000010100100000000000000000
00100000100101000000000000000000
00100000110101100000000000000000
00100001000110000000000000000000
10010000100110011000001110000000
10110000000000000000001000000000
11001010101010000000001001001001
11000000010011100000000001000001
11000000100000000000000000000000
11000000110000000000000000000000
11000001000000000000000000000000
11000001010000000000000000000000
10001000000000000000000000000000
11010000000000000000000000000000
10000000000000000000000000010100
00101000000111000000010011110001
10111000100001000100000000000000
00100001100001000000000000000000
10111000110001100100000000000000
00100001110001100000000000000000
10111001000010000100000000000000
00100010100010000000000000000000
10111001010010100100000000000000
00100010010010100001000000000000
00100000010100100000000000000000
00100000100101000000000000000000
00100000110101100000000000000000
00100001000110000000000000000000
10010000100110011000001110000000
10110000000000000000001000000000
11001010101010000000001001001001
11000000010011100000000001000001
11000000100000000000000000000000
11000000110000000000000000000000
11000001000000000000000000000000
11000001010000000000000000000000
10001000000000000000000000000000
11010000000000000000000000000000
10000000000000000000000000010101
00101000000111000000010100000000
10111000110001100100000000000000
00100001110001100000000000000000
10111011010110100100000000000000
00100010000110100000000000000000
10111001010010100100000000000000
00100010010010100001000000000000
00100000010100100000000000000000
00100000100101000000000000000000
00100000110101100000000000000000
00100001000110000000000000000000
10010001100000000000000000000000
10110000000000000000000000000000
11001000000000000000000000000000
11000000010000000000000000000000
11000000100000000000000000000000
11000000110000000000000000000000
11000001000000000000000000000000
11000001010000000000000000000000
10001000000000000000000000000000
11010000000000000000000000000000
10000000000000000000000000010110
00101000000111000000010100001111
10111000100001000100000000000000
00100001100001000000000000000000
10111000110001100100000000000000
00100001110001100000000000000000
10111001000010000100000000000000
00100010100010000000000000000000
10111001010010100100000000000000
00100010010010100001000000000000
10111001100011000100000000000000
00100010010011000010000000000000
00100000010100100000000000000000
00100000100101000000000000000000
00100000110101100000000000000000
00100001000110000000000000000000
10010000010010011000011110000000
10110000000000000000001000000000
11001000000000000000000000000000
11000000010011100000000001010100
11000000100011100000000001011000
11000000110000000000000000000000
11000001000000000000000000000000
11000001010000000000000000000000
10001000000000000000000000000000
11010000000000000000000000000000
10000000000000000000000000010111
00101000000111000000010100011110
10111000110001100100000000000000
00100001110001100000000000000000
10111011010110100100000000000000
00100010000110100000000000000000
10111001010010100100000000000000
00100010010010100001000000000000
00100000010100100000000000000000
00100000100101000000000000000000
00100000110101100000000000000000
00100001000110000000000000000000
10010001100000000000000000000000
10110000000000000000000000000000
11001000000000000000000000000000
11000000010000000000000000000000
11000000100000000000000000000000
11000000110000000000000000000000
11000001000000000000000000000000
11000001010000000000000000000000
10001000000000000000000000000000
11010000000000000000000000000000
10000000000000000000000000011000
00101000000111000000010100101101
10111000100001000100000000000000
00100001100001000000000000000000
10111000110001100100000000000000
00100001110001100000000000000000
10111001000010000100000000000000
00100010100010000000000000000000
10111001010010100100000000000000
00100010010010100001000000000000
00100000010100100000000000000000
00100000100101000000000000000000
00100000110101100000000000000000
00100001000110000000000000000000
10010000010010011000001110000000
10110000000000000110001011000000
11001000000000000000000000000000
11000000010011100000000010111010
11000000100000000000000000000000
11000000110000000000000000000000
11000001000000000000000000000000
11000001010000000000000000000000
10001000000000000000000000000000
11010000000000000000000000000000
10000000000000000000000000011001
00101000000111000000010100111100
10111000100001000100000000000000
00100001100001000000000000000000
10111000110001100100000000000000
00100001110001100000000000000000
10111001000010000100000000000000
00100010100010000000000000000000
10111001010010100100000000000000
00100010010010100001000000000000
00100000010100100000000000000000
00100000100101000000000000000000
00100000110101100000000000000000
00100001000110000000000000000000
10010000010010011000001110000000
10110000000000000000001000000000
11001000000000000000000000000000
11000000010011100000000000100111
11000000100000000000000000000000
11000000110000000000000000000000
11000001000000000000000000000000
11000001010000000000000000000000
10001000000000000000000000000000
11010000000000000000000000000000
10000000000000000000000000011010
00101000000111000000010101001011
10111000110001100100000000000000
00100001110001100000000000000000
10111011010110100100000000000000
00100010000110100000000000000000
10111001010010100100000000000000
00100010010010100001000000000000
00100000010100100000000000000000
00100000100101000000000000000000
00100000110101100000000000000000
00100001000110000000000000000000
10010001100000000000000000000000
10110000000000000000000000000000
11001000000000000000000000000000
11000000010000000000000000000000
11000000100000000000000000000000
11000000110000000000000000000000
11000001000000000000000000000000
11000001010000000000000000000000
10001000000000000000000000000000
11010000000000000000000000000000
10000000000000000000000000011011
00101000000111000000010101011010
10111000110001100100000000000000
00100001110001100000000000000000
10111011010110100100000000000000
00100010000110100000000000000000
10111001010010100100000000000000
00100010010010100001000000000000
00100000010100100000000000000000
00100000100101000000000000000000
00100000110101100000000000000000
00100001000110000000000000000000
10010001100000000000000000000000
10110000000000000000000000000000
11001000000000000000000000000000
11000000010000000000000000000000
11000000100000000000000000000000
11000000110000000000000000000000
11000001000000000000000000000000
11000001010000000000000000000000
10001000000000000000000000000000
11010000000000000000000000000000
10000000000000000000000000011100
00101000000111000000010101101001
10111000100001000100000000000000
00100001100001000000000000000000
10111000110001100100000000000000
00100001110001100000000000000000
10111001000010000100000000000000
00100010100010000000000000000000
10111001010010100100000000000000
00100010010010100001000000000000
00100000010100100000000000000000
00100000100101000000000000000000
00100000110101100000000000000000
00100001000110000000000000000000
10010000010010011000001110000000
10110000000000000110001011000000
11001000000000000000000000000000
11000000010011100000000001101011
11000000100000000000000000000000
11000000110000000000000000000000
11000001000000000000000000000000
11000001010000000000000000000000
10001000000000000000000000000000
11010000000000000000000000000000
10000000000000000000000000011101
00101000000111000000010101111000
10111000110001100100000000000000
00100001110001100000000000000000
10111001010010100100000000000000
00100010010010100001000000000000
00100000010100100000000000000000
00100000100101000000000000000000
00100000110101100000000000000000
00100001000110000000000000000000
10010001010100010000000000000000
10110000000000000000000000000000
11001000000000000000000000000000
11000000010000000000000000000000
11000000100000000000000000000000
11000000110000000000000000000000
11000001000000000000000000000000
11000001010000000000000000000000
10001000000000000000000000000000
11010000000000000000000000000000
10000000000000000000000000011110
00101000000111000000010110000111
10111000100001000100000000000000
00100001100001000000000000000000
10111000110001100100000000000000
00100001110001100000000000000000
10111001000010000100000000000000
00100010100010000000000000000000
10111001010010100100000000000000
00100010010010100001000000000000
00100000010100100000000000000000
00100000100101000000000000000000
00100000110101100000000000000000
00100001000110000000000000000000
10010000010110011000001110000000
10110000000000000110001011000000
11001010101010000000001001001001
11000000010011100000000001100011
11000000100000000000000000000000
11000000110000000000000000000000
11000001000000000000000000000000
11000001010000000000000000000000
10001000000000000000000000000000
11010000000000000000000000000000
10000000000000000000000000011111
00101000000111000000010110010110
10111000100001000100000000000000
00100001100001000000000000000000
10111000110001100100000000000000
00100001110001100000000000000000
10111001000010000100000000000000
00100010100010000000000000000000
10111001010010100100000000000000
00100010010010100001000000000000
00100000010100100000000000000000
00100000100101000000000000000000
00100000110101100000000000000000
00100001000110000000000000000000
10010000010110101000001110000000
10110000000000000110001011100000
11001010001000000000001000001000
11000000010011100000000001101010
11000000100000000000000000000000
11000000110000000000000000000000
11000001000000000000000000000000
11000001010000000000000000000000
10001000000000000000000000000000
11010000000000000000000000000000
10000000000000000000000000100000
00101000000111000000010110100101
10111000100001000100000000000000
00100001100001000000000000000000
10111000110001100100000000000000
00100001110001100000000000000000
10111001000010000100000000000000
00100010100010000000000000000000
10111001010010100100000000000000
00100010010010100001000000000000
10111001100011000100000000000000
00100010010011000010000000000000
00100000010100100000000000000000
00100000100101000000000000000000
00100000110101100000000000000000
00100001000110000000000000000000
10010000010010011000011110000000
10110000000000000110001011000000
11001000000000000000000000000000
11000000010011100000001010101010
11000000100011100000000010110110
11000000110000000000000000000000
11000001000000000000000000000000
11000001010000000000000000000000
10001000000000000000000000000000
11010000000000000000000000000000
10000000000000000000000000100001
00101000000111000000010110110100
10111000100001000100000000000000
00100001100001000000000000000000
10111000110001100100000000000000
00100001110001100000000000000000
10111001000010000100000000000000
00100010100010000000000000000000
10111001010010100100000000000000
00100010010010100001000000000000
00100000010100100000000000000000
00100000100101000000000000000000
00100000110101100000000000000000
00100001000110000000000000000000
10010000100110011000001110000000
10110000000000000110001011000000
11001010101010000000001001001001
11000000010011100000001000100010
11000000100000000000000000000000
11000000110000000000000000000000
11000001000000000000000000000000
11000001010000000000000000000000
10001000000000000000000000000000
11010000000000000000000000000000
10000000000000000000000000100010
00101000000111000000010111000011
10111000100001000100000000000000
00100001100001000000000000000000
10111000110001100100000000000000
00100001110001100000000000000000
10111001000010000100000000000000
00100010100010000000000000000000
10111001010010100100000000000000
00100010010010100001000000000000
00100000010100100000000000000000
00100000100101000000000000000000
00100000110101100000000000000000
00100001000110000000000000000000
10010000010010011000001110000000
10110000000000000110001011000000
11001000000000000000000000000000
11000000010011100000000110111010
11000000100000000000000000000000
11000000110000000000000000000000
11000001000000000000000000000000
11000001010000000000000000000000
10001000000000000000000000000000
11010000000000000000000000000000
10000000000000000000000000100011
00101000000111000000010111010010
10111000100001000100000000000000
00100001100001000000000000000000
10111000110001100100000000000000
00100001110001100000000000000000
10111001000010000100000000000000
00100010100010000000000000000000
10111001010010100100000000000000
00100010010010100001000000000000
00100000010100100000000000000000
00100000100101000000000000000000
00100000110101100000000000000000
00100001000110000000000000000000
10010000100110011000001110000000
10110000000000000110001011000000
11001010101010000000001001001001
11000000010011100000001000001000
11000000100000000000000000000000
11000000110000000000000000000000
11000001000000000000000000000000
11000001010000000000000000000000
10001000000000000000000000000000
11010000000000000000000000000000
10000000000000000000000000100100
00101000000111000000010111100001
10111000100001000100000000000000
00100001100001000000000000000000
10111000110001100100000000000000
00100001110001100000000000000000
10111001000010000100000000000000
00100010100010000000000000000000
10111001010010100100000000000000
00100010010010100001000000000000
00100000010100100000000000000000
00100000100101000000000000000000
00100000110101100000000000000000
00100001000110000000000000000000
10010000010010011000001110000000
10110000000000000110001011000000
11001000000000000000000000000000
11000000010011100000000100111011
11000000100000000000000000000000
11000000110000000000000000000000
11000001000000000000000000000000
11000001010000000000000000000000
10001000000000000000000000000000
11010000000000000000000000000000
10000000000000000000000000100101
00101000000111000000010111110000
10111000100001000100000000000000
00100001100001000000000000000000
10111000110001100100000000000000
00100001110001100000000000000000
10111001000010000100000000000000
00100010100010000000000000000000
10111001010010100100000000000000
00100010010010100001000000000000
00100000010100100000000000000000
00100000100101000000000000000000
00100000110101100000000000000000
00100001000110000000000000000000
10010000100110011000001110000000
10110000000000000110001011000000
11001010101010000000001001001001
11000000010011100000000110000001
11000000100000000000000000000000
11000000110000000000000000000000
11000001000000000000000000000000
11000001010000000000000000000000
10001000000000000000000000000000
11010000000000000000000000000000
10000000000000000000000000100110
00101000000111000000010111111111
10111000110001100100000000000000
00100001110001100000000000000000
10111011010110100100000000000000
00100010000110100000000000000000
10111001010010100100000000000000
00100010010010100001000000000000
00100000010100100000000000000000
00100000100101000000000000000000
00100000110101100000000000000000
00100001000110000000000000000000
10010001100000000000000000000000
10110000000000000000000000000000
11001000000000000000000000000000
11000000010000000000000000000000
11000000100000000000000000000000
11000000110000000000000000000000
11000001000000000000000000000000
11000001010000000000000000000000
10001000000000000000000000000000
11010000000000000000000000000000
10000000000000000000000000100111
00101000000111000000011000001110
10111000100001000100000000000000
00100001100001000000000000000000
10111000110001100100000000000000
00100001110001100000000000000000
10111001000010000100000000000000
00100010100010000000000000000000
10111001010010100100000000000000
00100010010010100001000000000000
00100000010100100000000000000000
00100000100101000000000000000000
00100000110101100000000000000000
00100001000110000000000000000000
10010000010010011000001110000000
10110000000000000110001011000000
11001000000000000000000000000000
11000000010011100000000101000111
11000000100000000000000000000000
11000000110000000000000000000000
11000001000000000000000000000000
11000001010000000000000000000000
10001000000000000000000000000000
11010000000000000000000000000000
10000000000000000000000000101000
00101000000111000000011000011101
00100000010100100000000000000000
00100000100101000000000000000000
00100000110101100000000000000000
00100001000110000000000000000000
10010000010000000000000000000000
10110000000000000000000000000000
11001000000000000000000000000000
11000000010000000000000000000000
11000000100000000000000000000000
11000000110000000000000000000000
11000001000000000000000000000000
11000001010000000000000000000000
10001000000000000000000000000000
10011000000000000000000000000000
00000000000000000000000000000001
00000000000000000000000000000000
00000001000000000000000000000000
00010000000000000000000000000000
00000001000100101100000000000000
00000000000000000000000000000000
00000000000000000000000000000000
00000000000000000000000000000000
00000000000000001000000000010000
00000000000000000010000000000100
00000000000011110000000000010100
00000000000101000000000000010100
00000000000000000000000000000000
00000000000000000000000000000000
00000000000000000000000000000000
00000000000000000000000000000001
00000000000000000000001001000000
00000001000100101100000000000000
00010000000000000000000000100000
00000001000101110111000000000000
00000001001000001101000000000000
00000000000000000000000000000000
00000000000000000000000000000000
00000000000000010000000000100000
00000000000000001000000000010000
00000000000000111100000000010100
00000000000001010000000000010100
00000000000000000000000000000000
00000000000000000000000000000000
00000000000000000000000000000000
00000000000000000000000000000001
00000000000000000000111001000000
00000001000111000010000000000000
00010000000000000000000010100000
00000001001011101110000000000000
00000000000000000000000000000000
00000000000000000000000000000000
00000000000000000000000000000000
00000000000000001000000000010000
00000000000000001000000000010000
00000000000000111100000000010100
00000000000001010000000000010100
00000000000000000000000000000000
00000000000000000000000000000000
00000000000000000000000000000000
00000000000000000000000000000001
00000000000000000001011101000000
00000001001011101110000000000000
00010000000000000000000011000000
00000001001100111001000000000000
00000000000000000000000000000000
00000000000000000000000000000000
00000000000000000000000000000000
00000000000000001000000000010000
00000000000000001000000000010000
00000000000000111100000000010100
00000000000001010000000000010100
00000000000000000000000000000000
00000000000000000000000000000000
00000000000000000000000000000000
00000000000000000000000000000001
00000000000000000000000000000000
00000001001100111001000000000000
00000000000000000000000000000000
00000001001010100011000000000000
00000000000000000000000000000000
00000000000000000000000000000000
00000000000000000000000000000000
00000000000000001000000000010000
00000000000000000010000000000100
00000000000000111100000000010100
00000000000001010000000000010100
00000001001001011000000000000000
00000000000000000000000000000000
00000000000000000000000000000000
00000000000000000000000000000001
00000000000000000000010101000000
00000001001000001101000000000000
00010000000000000000000001100000
00000001001110000100000000000000
00000000000000000000000000000000
00000000000000000000000000000000
00000000000000000000000000000000
00000000000000010000000000100000
00000000000000011000000000010000
00000000000000111100000000010100
00000000000001010000000000010100
00000000000000000000000000000000
00000000000000000000000000000000
00000000000000000000000000000000
00000000000000000000000000000001
00000000000000000010000001000000
00000001001110000100000000000000
00010000000000000000000011100000
00000001010000011010000000000000
00000000000000000000000000000000
00000000000000000000000000000000
00000000000000000000000000000000
00000000000000100000000000100000
00000000000000010000000000100000
00000000000000111100000000010100
00000000000001010000000000010100
00000000000000000000000000000000
00000000000000000000000000000000
00000000000000000000000000000000
00000000000000000000000000000001
00000000000000000110100001000000
00000001010000011010000000000000
00010000000000000000000101100000
00000001010001100101000000000000
00000000000000000000000000000000
00000000000000000000000000000000
00000000000000000000000000000000
00000000000001000000000000100000
00000000000000100000000000100000
00000000000000011110000000010100
00000000000000101000000000010100
00000000000000000000000000000000
00000000000000000000000000000000
00000000000000000000000000000000
00000000000000000000000000000001
00000000000000001001100001000000
00000001010001100101000000000000
00010000000000000000001001100000
00000001010011111011000000000000
00000001010100100000100000000000
00000000000000000000000000000000
00000000000000000000000000000000
00000000000001000000000000100000
00000000000000000010000000000100
00000000000000011110000000010100
00000000000000101000000000010100
00000000000000000000000000000000
00000000000000000000000000000000
00000000000000000000000000000000
00000000000000000000000000000001
00000000000000001001110011000000
00000001010011111011000000000000
00010000000000000000001101100000
00000001010101000110000000000000
00000000000000000000000000000000
00000000000000000000000000000000
00000000000000000000000000000000
00000000000010000000000000100000
00000000000001000000000000100000
00000000000000001111000000011110
00000000000000010100000000010100
00000000000000000000000000000000
00000000000000000000000000000000
00000000000000000000000000000000
00000000000000000000000000000001
00000000000001010001110011000000
00000001010101000110000000000000
00010000000000000000010101100000
00000001010101011000110000000000
00000000000000000000000000000000
00000000000000000000000000000000
00000000000000000000000000000000
00000000000001000000000000100000
00000000000010000000000000100000
00000000000000000111100000001111
00000000000000001010000000010100
00000000000000000000000000000000
00000000000000000000000000000000
00000000000000000000000000000000
00000000000000000000000000000001
00000000000000000000000000000000
00000001010101011000110000000000
00000000000000000000000000000000
00000001010101100010001000000000
00000000000000000000000000000000
00000000000000000000000000000000
00000000000000000000000000000000
00000000000001000000000000100000
00000000000000000010000000000100
00000000000000000111100000001111
00000000000000001010000000010100
00000000000000000000000000000000
00000000000000000000000000000000
00000000000000000000000000000000
00000000000000000000000000000001
00000000000000000000000000000000
00000001010101100010001000000000
00000000000000000000000000000000
00000001010101101011100000000000
00000000000000000000000000000000
00000000000000000000000000000000
00000000000000000000000000000000
00000000000001000000000000100000
00000000000000000010000000000100
00000000000000000111100000001111
00000000000000001010000000010100
00000000000000000000000000000000
00000000000000000000000000000000
00000000000000000000000000000000
00000000000000000000000000000001
00000000000000000000000000000000
00000001010101101011100000000000
00000000000000000000000000000000
00000001010101110100111000000000
00000000000000000000000000000000
00000000000000000000000000000000
00000000000000000000000000000000
00000000000001000000000000100000
00000000000000000010000000000100
00000000000000000111100000001111
00000000000000001010000000010100
00000000000000000000000000000000
00000000000000000000000000000000
00000000000000000000000000000000
00000000000000000000000000000001
00000000000001011101110011000000
00000001010101011000110000000000
00010000000000000000011001100000
00000001010101111110010000000000
00000000000000000000000000000000
00000000000000000000000000000000
00000000000000000000000000000000
00000000000010000000000000100000
00000000000100000000000000100000
00000000000000000111100000001111
00000000000000001010000000010100
00000000000000000000000000000000
00000000000000000000000000000000
00000000000000000000000000000000
00000000000000000000000000000001
00000000000010001101110011000000
00000001010101111110010000000000
00010000000000000000100001100000
00000001010110010001000000000000
00000001010110100011110000000000
00000001010110110110100000000000
00000001010111001001010000000000
00000000000010000000000000100000
00000000000010000000000000100000
00000000000000000111100000001111
00000000000000001010000000010100
00000000000000000000000000000000
00000000000000000000000000000000
00000000000000000000000000000000
00000000000000000000000000000001
00000000000010111101110011000000
00000001010110011010011000000000
00010000000000000000110001100000
00000001010111011100000000000000
00000001010111101110110000000000
00000000000000000000000000000000
00000000000000000000000000000000
00000000000010000000000000100000
00000000000001000000000000100000
00000000000000000111100000001111
00000000000000001010000000010100
00000000000000000000000000000000
00000000000000000000000000000000
00000000000000000000000000000000
00000000000000000000000000000001
00000001010111011100000000000000
00000001010111011110010110000000
00000000000000000000000000000000
00000001011000000001100000000000
00000000000000000000000000000000
00000000000000000000000000000000
00000000000000000000000000000000
00000000000000001000000000010000
00000000000000010000000000100000
00000000000000000111100000001111
00000000000000001010000000010100
00000001010111100000101100000000
00000000000000000000000000000000
00000000000000000000000000000000
00000000000000000000000000000001
00000001010111100101011000000000
00000001010111100111101110000000
00000000000000000000000000000000
00000001011000000110001100000000
00000000000000000000000000000000
00000000000000000000000000000000
00000000000000000000000000000000
00000000000000001000000000010000
00000000000000010000000000100000
00000000000000000111100000001111
00000000000000001010000000010100
00000001010111101010000100000000
00000000000000000000000000000000
00000000000000000000000000000000
00000000000000000000000000000001
00000000000011001111110011000000
00000001010111110011011100000000
00010000000000000000111101100000
00000001011000001010111000000000
00000000000000000000000000000000
00000000000000000000000000000000
00000000000000000000000000000000
00000000000001000000000000100000
00000000000000000010000000000100
00000000000000000111100000001111
00000000000000001010000000010100
00000000000000000000000000000000
00000000000000000000000000000000
00000000000000000000000000000000
00000000000000000000000000000001
00000000000011001111111100000000
00000001010111111100110100000000
00010000000000000000111111100000
00000001011000001111100100000000
00000000000000000000000000000000
00000000000000000000000000000000
00000000000000000000000000000000
00000000000001000000000000100000
00000000000000000010000000000100
00000000000000000111100000001111
00000000000000001010000000010100
00000000000000000000000000000000
00000000000000000000000000000000
00000000000000000000000000000000
00000000000000000000000000000001
00000000000000000000000000000000
00000001011000000001100000000000
00000000000000000000000000000000
00000001011000010100010000000000
00000000000000000000000000000000
00000000000000000000000000000000
00000000000000000000000000000000
00000000000001000000000000100000
00000000000000000010000000000100
00000000000000000111100000001111
00000000000000001010000000010100
00000001011000001010111000000000
00000000000000000000000000000000
00000000000000000000000000000000
00000000000000000000000000000001
00000000000011001001110011000000
00000001011000010100010000000000
00010000000000000000111001100000
00000001011000011101101000000000
00000001011000100111000000000000
00000000000000000000000000000000
00000000000000000000000000000000
00000000000001000000000000100000
00000000000001000000000000100000
00000000000000000111100000001111
00000000000000001010000000010100
00000000000000000000000000000000
00000000000000000000000000000000
00000000000000000000000000000000
00000000000000000000000000000001
00000000000000000000000000000000
00000001010110101101001000000000
00000000000000000000000000000000
00000001011000110000011000000000
00000000000000000000000000000000
00000000000000000000000000000000
00000000000000000000000000000000
00000000000001000000000000100000
00000000000000000010000000000100
00000000000000000111100000001111
00000000000000001010000000010100
00000001011000011101101000000000
00000000000000000000000000000000
00000000000000000000000000000000
00000000000000000000000000000001
00000000000011010000000101000000
00000001011000110000011000000000
00010000000000000001000001100000
00000001011000111001110000000000
00000000000000000000000000000000
00000000000000000000000000000000
00000000000000000000000000000000
00000000000010000000000000100000
00000000000001000000000000100000
00000000000000000111100000001111
00000000000000001010000000010100
00000000000000000000000000000000
00000000000000000000000000000000
00000000000000000000000000000000
00000000000000000000000000000001
00000000000011011100000101000000
00000001011000111001110000000000
00010000000000000001001001100000
00000001011001001100100000000000
00000000000000000000000000000000
00000000000000000000000000000000
00000000000000000000000000000000
00000000000001000000000000100000
00000000000010000000000000100000
00000000000000000111100000001111
00000000000000001010000000010100
00000000000000000000000000000000
00000000000000000000000000000000
00000000000000000000000000000000
00000000000000000000000000000001
00000000000000000000000000000000
00000001010110111111111000000000
00000000000000000000000000000000
00000001011001010101111000000000
00000000000000000000000000000000
00000000000000000000000000000000
00000000000000000000000000000000
00000000000001000000000000100000
00000000000000000010000000000100
00000000000000000111100000001111
00000000000000001010000000010100
00000001011000100111000000000000
00000000000000000000000000000000
00000000000000000000000000000000
00000000000000000000000000000001
00000000000000000000000000000000
00000001011001010101111000000000
00000000000000000000000000000000
00000001010111010010101000000000
00000000000000000000000000000000
00000000000000000000000000000000
00000000000000000000000000000000
00000000000001000000000000100000
00000000000000000010000000000100
00000000000000000111100000001111
00000000000000001010000000010100
00000001011001001100100000000000
00000000000000000000000000000000
00000000000000000000000000000000
00000000000000000000000000000001
00000000000010100101110011000000
00000001010111001001010000000000
00010000000000000000101001100000
00000001011001011111010000000000
00000000000000000000000000000000
00000000000000000000000000000000
00000000000000000000000000000000
00000000000010000000000000100000
00000000000010000000000000100000
00000000000000000111100000001111
00000000000000001010000000010100
00000000000000000000000000000000
00000000000000000000000000000000
00000000000000000000000000000000
00000000000000000000000000000001
00000000000000000000000000000000
00000001010100100000100000000000
00000000000000000000000000000000
00000001011001111011011000000000
00000000000000000000000000000000
00000000000000000000000000000000
00000000000000000000000000000000
00000000000001000000000000100000
00000000000000000010000000000100
00000000000000010100000000010100
00000000000000001111000000011110
00000000000000000000000000000000
00000000000000000000000000000000
00000000000000000000000000000000
00000000000000000000000000000001
00000000000011101000000101000000
00000001011001111011011000000000
00010000000000000001001101100000
00000001011100010001011000000000
00000000000000000000000000000000
00000000000000000000000000000000
00000000000000000000000000000000
00000000000010000000000000100000
00000000000001000000000000100000
00000000000000011110000000010100
00000000000000101000000000010100
00000000000000000000000000000000
00000000000000000000000000000000
00000000000000000000000000000000
00000000000000000000000000000001
00000000000100110000000101000000
00000001011100010001011000000000
00010000000000000001010101100000
00000001011001110010000000000000
00000000000000000000000000000000
00000000000000000000000000000000
00000000000000000000000000000000
00000000000001000000000000100000
00000000000010000000000000100000
00000000000000011110000000010100
00000000000000101000000000010100
00000000000000000000000000000000
00000000000000000000000000000000
00000000000000000000000000000000
00000000000000000000000000000001
00000000000101111000000101000000
00000001011001011111010000000000
00010000000000000001011001100000
00000001100000111101011000000000
00000001100001010000001000000000
00000000000000000000000000000000
00000000000000000000000000000000
00000000000010000000000000100000
00000000000011000000000000100000
00000000000000000111100000001111
00000000000000001010000000010100
00000000000000000000000000000000
00000000000000000000000000000000
00000000000000000000000000000000
00000000000000000000000000000001
00000000000111000000000101000000
00000001100001000110110000000000
00010000000000000001101001100000
00000001100001101100010000000000
00000000000000000000000000000000
00000000000000000000000000000000
00000000000000000000000000000000
00000000000001000000000000100000
00000000000000000010000000000100
00000000000000000111100000001111
00000000000000001010000000010100
00000000000000000000000000000000
00000000000000000000000000000000
00000000000000000000000000000000
00000000000000000000000000000001
00000000000111000000010111000000
00000001100001101100010000000000
00010000000000000001101101100000
00000001100001110101101000000000
00000000000000000000000000000000
00000000000000000000000000000000
00000000000000000000000000000000
00000000000010000000000000100000
00000000000001000000000000100000
00000000000000000111100000001111
00000000000000001010000000010100
00000000000000000000000000000000
00000000000000000000000000000000
00000000000000000000000000000000
00000000000000000000000000000001
00000000000111001100010111000000
00000001100001110101101000000000
00010000000000000001110101100000
00000001100010001000011000000000
00000000000000000000000000000000
00000000000000000000000000000000
00000000000000000000000000000000
00000000000010000000000000100000
00000000000000000010000000000100
00000000000000000111100000001111
00000000000000001010000000010100
00000000000000000000000000000000
00000000000000000000000000000000
00000000000000000000000000000000
00000000000000000000000000000001
00000000000111001100111011000000
00000001100010001000011000000000
00010000000000000001111101100000
00000001100010011011001000000000
00000000000000000000000000000000
00000000000000000000000000000000
00000000000000000000000000000000
00000000000001000000000000100000
00000000000010000000000000100000
00000000000000000111100000001111
00000000000000001010000000010100
00000000000000000000000000000000
00000000000000000000000000000000
00000000000000000000000000000000
00000000000000000000000000000001
00000000000111011000111011000000
00000001100010011011001000000000
00010000000000000010000001100000
00000001100010100100100000000000
00000000000000000000000000000000
00000000000000000000000000000000
00000000000000000000000000000000
00000000000001000000000000100000
00000000000000000010000000000100
00000000000000000111100000001111
00000000000000001010000000010100
00000000000000000000000000000000
00000000000000000000000000000000
00000000000000000000000000000000
00000000000000000000000000000001
00000000000000000000000000000000
00000001100001011001100000000000
00000000000000000000000000000000
00000001100001100010111000000000
00000000000000000000000000000000
00000000000000000000000000000000
00000000000000000000000000000000
00000000000001000000000000100000
00000000000000000010000000000100
00000000000000000111100000001111
00000000000000001010000000010100
00000001100010100100100000000000
00000000000000000000000000000000
00000000000000000000000000000000
00000000000000000000000000000001
00000000000110011100000101000000
00000001100001010000001000000000
00010000000000000001100001100000
00000001100010101101111000000000
00000000000000000000000000000000
00000000000000000000000000000000
00000000000000000000000000000000
00000000000010000000000000100000
00000000000011000000000000100000
00000000000000000111100000001111
00000000000000001010000000010100
00000000000000000000000000000000
00000000000000000000000000000000
00000000000000000000000000000000
00000000000000000000000000000001
00000000000000000000000000000000
00000000000000000000000000000000
00000000000000000000000000000000
00000000000000000000000000000000
00000000000000000000000000000000
00000000000000000000000000000000
00000000000000000000000000000000
00000000000000000000000000000000
00000000000000000000000000000000
00000000000000000000000000000000
00000000000000000000000000000000
00000000000000000000000000000000
00000000000000000000000000000000
00000000000000000000000000000000