0.007831757492385804
0.25683959618210794
0.1659875664114952
0.0560729731619358
0.1484273460507393
0.149466752409935
0.09212212726473808
0.06229436211287975
0.12093183390796185
0.0401501614227891
0.043758710622787474
0.042347454093396665
0.05103285454213619
0.048500670306384566
0.5870605859160424
0.030313831362873314
0.053228819891810414
0.02682737708091736
0.12093183390796185
0.05633661650121212
0.05169117465615272
0.09102010529488325
0.024381265230476856
0.06955695953220128
0.04660097256302834
0.14303146943449974
0.04062187440693379
0.052926837261766196
