0.0776909813284874 0.0
0.008411802351474762 0.0
0.010594530962407589 0.0
0.016011957079172134 0.0
0.00638157594949007 0.0
0.003994635306298733 0.0
0.005455536302179098 0.0
0.025156499817967415 0.0
0.0013129214057698846 0.0
0.008703924715518951 0.0
0.0039057552348822355 0.0
0.010556909255683422 0.0
0.003308744402602315 0.0
0.004038845654577017 0.0
0.0002348408888792619 0.0
0.038886524736881256 0.0
0.0028600774239748716 0.0
0.0022723872680217028 0.0
0.0014152841176837683 0.0
0.0029818310867995024 0.0
0.009794214740395546 0.0
0.005837691016495228 0.0
0.047171711921691895 0.0
0.00911041535437107 0.0
0.04866372048854828 0.0
0.0027266768738627434 0.0
0.026477234438061714 0.0
