0.007831757492385804
0.189741018936038
0.46232293725013734
0.27515948623418807
0.11181574530899524
0.14791707806289195
0.20828242018818854
0.15021938867866994
0.22045885801315307
0.07933615081012249
0.12125090084969997
0.11399891905486584
0.1012131093069911
0.11305169321596623
0.08684736389666796
0.20430793397128583
0.15225645698606968
0.07179832298308611
0.0828759565204382
0.10175453886389732
0.07587478008121253
0.07262787751853467
0.05296092707663774
0.14308906495571136
0.0968188139051199
0.05434237737208605
0.051891340278089046
0.06929289758205413
0.050132976397871974
0.05559090007096529
0.07053762707859278
0.07656713299453259
0.14280687138438225
0.015543726328760386
0.07767755765467882
0.031166147235780955
0.07421457000076771
0.08409194700419903
0.063289541490376
0.06230326611548662
0.11496730469167232
0.09397913478314876
0.06261981554329395
0.07865076020359993
0.0697014669328928
0.09857645586133003
0.09233686503022909
0.06135531924664974
0.06873787291347981
0.06716877486556769
0.05321170888841152
0.07496411636471749
0.09535468582063913
0.035385594135150314
0.054464862868189814
0.04625455055385828
0.12392229184508324
0.04351023562252521
0.05106281239539385
