0.0939347967505455 0.0
0.020664295181632042 0.0
0.008245967328548431 0.0
0.011267571710050106 0.0
0.02053242176771164 0.0
0.00851226132363081 0.0
0.004331318661570549 0.0
0.010159955359995365 0.0
0.005505682434886694 0.0
0.0073455506935715675 0.0
0.003893947694450617 0.0
0.005988096818327904 0.0
0.010515610687434673 0.0
0.00911964476108551 0.0
0.018538499251008034 0.0
0.00625308183953166 0.0
0.003608919447287917 0.0
0.004901575390249491 0.0
0.0066407122649252415 0.0
0.003212104784324765 0.0
0.00992087833583355 0.0
0.005913666915148497 0.0
0.03623446822166443 0.0
0.005811627022922039 0.0
0.00432494655251503 0.0
0.005391248036175966 0.0
0.008823569864034653 0.0
0.012184249237179756 0.0
0.006130353081971407 0.0
0.015911392867565155 0.0
0.008467817679047585 0.0
0.011678795330226421 0.0
0.0017265859059989452 0.0
0.22901831567287445 0.0
0.004027689341455698 0.0
0.009203464724123478 0.0
0.008108630776405334 0.0
0.007825227454304695 0.0
0.004947181325405836 0.0
0.006861701607704163 0.0
0.011066585779190063 0.0
0.010465268045663834 0.0
0.006581051740795374 0.0
0.010217677801847458 0.0
0.0048757269978523254 0.0
0.006833714433014393 0.0
0.013894676230847836 0.0
0.006572290323674679 0.0
0.008643475361168385 0.0
0.010107447393238544 0.0
0.013608566485345364 0.0
0.0074563175439834595 0.0
0.007799283601343632 0.0
0.03920137882232666 0.0
0.012951266020536423 0.0
0.03733769431710243 0.0
0.00461189541965723 0.0
0.02838435396552086 0.0
